155
157
161
165
167
175
421
426
427
433
434
435
540
541
542
543
544
545
546
595
596
655
662
664
881
884
885
887
894
902
912
921
924
938
946
947
948
955
960
961
962
963
964
965
966
967
968
969
970
971
972
973
974
975
976
977
978
979
980
981
982
983
984
985
986
987
988
989
993
994
995
1030
1189
1194
1199
1205
1208
1458
1471
1476
2023
2057
2129
2130
2235
2280
2540
2546
2549
2551
2557
2599
2629
2716
2717
2751
2796
2825
434973
434989
435005
449728
449762
463079
463082
463190
463195
463212
485270
485272
485273
485297
485313
485317
485344
485349
485358
485364
488862
488895
488899
489030
492953
493012
493091
493098
504327
504329
504332
504333
504339
504444
504454
504462
504467
504558
504582
504621
504648
504660
504690
504692
504766
504803
504810
504812
504832
504834
504847
540267
540317
540364
588335
588342
588352
588354
588358
588405
588413
588453
588458
588489
588579
588590
588591
588674
588692
588726
588795
588814
588850
588852
588855
588856
602141
602163
602229
602244
602248
602250
602340
602346
602393
602396
602410
602438
602440
602449
623877
624040
624125
624169
624170
624202
624256
624296
624297
624330
624352
624354
624417
624464
624466
624467
624483
651635
651640
651644
651661
651687
651702
651718
651719
651724
651754
651755
651758
651768
651802
651820
651821
651957
651958
651965
652010
652017
652039
652048
652051
652054
652104
652105
652126
652257
686940
686964
686970
686971
686978
686979
686996
687014
687016
720504
720511
720542
720543
720551
720553
720579
720580
720596
720647
720652
720700
720708
743126
743255
743279
743287
1053175
1053188
1053197
1159524
1159606
330
1188
540276
588513
588514
588516
588526
588533
588537
588544
588546
624030
651631
651632
651633
651634
651741
651743
651751
651777
651778
720516
720532
720533
720552
720634
720635
720636
720637
720653
720659
720691
720692
720693
720719
720725
743012
743014
743015
743033
743035
743036
743040
743041
743042
743053
743054
743063
743064
743065
743067
743069
743074
743075
743077
743078
743079
743080
743081
743083
743084
743085
743086
743091
743094
743122
743139
743140
743191
743194
743199
743202
743203
743209
743211
743213
743215
743217
743218
743219
743221
743223
743224
743225
743226
743227
743228
743239
743240
743242
743244
743288
743292
1117304
1117305
1117312
1159515
1159517
1159520
1159521
1159523
1159525
1159527
1159528
1159529
1159531
1159551
1159552
1159553
1159555
1224819
1224835
1224836
1224837
1224838
1224839
1224843
1224844
1224845
1224847
1224857
1224867
1224868
1224869
1224870
1224871
1224872
1224873
1224874
1224875
1224876
1224877
1224878
1224879
1224880
1224881
1224882
1224883
1224884
1224885
1224886
1224887
1224888
1224889
1224890
1224892
1224893
1224895
1224896
1259241
1259242
1259243
1259244
1259247
1259248
248
303043
303044
977610
1117326
1117329
1117336
1117340
1117341
1117342
1117343
1117346
256
2517
192
328
1195
1204
1490
1688
39219
504865
624031
624032
624044
625146
625150
625151
625152
625153
625154
625155
625162
625163
625166
625171
625181
625182
625184
625185
625186
625190
625191
625192
625195
625196
625197
625198
625199
625200
625201
625202
625203
625204
625205
625206
625207
625208
625215
625216
625217
625218
625219
625221
625222
625223
625224
625225
625227
625228
625229
625234
625243
625244
625245
625247
625248
625249
625251
625252
625253
625254
625255
625256
625261
625269
625270
625272
180
200
206
212
264
296
241172
241174
977608
1460
1463
1468
1190
1191
1
3
5
7
9
13
15
19
21
23
25
31
33
35
39
41
45
47
49
53
55
59
65
67
71
73
77
79
81
83
85
89
93
95
97
99
101
103
105
107
109
113
121
131
133
137
139
141
143
29
37
43
87
91
115
119
123
125
129
145
1576
270
1422
2147
2240
2275
2313
2330
2451
2472
1159580
1159607
781
1021
1022
1376
1446
1456
1481
1486
1510
1531
1556
1578
1662
1672
1813
1814
1822
1825
1850
1861
1863
1885
1903
1947
1974
1996
2071
2098
2156
2221
2239
2553
2642
2648
2732
463111
485314
488922
488977
493033
504652
504770
540256
588511
588627
651582
651610
652154
720641
743445
1098940
1098941
598
629
633
775
777
778
804
818
827
841
1063
1209
1273
1285
1362
1981
2253
2401
2417
2803
449739
449756
463229
540248
720658
1129463
2501
434968
435010
449749
449750
488915
488917
488918
488919
504753
1117361
2044
2701
504765
687036
435019
449764
463215
463218
504607
540268
540270
588397
720541
1109828
2282
720534
1159620
1596
1602
1606
1608
1609
1610
430
431
565
589
590
641
1714
1716
2062
743268
27
61
63
69
228
1259252
1259253
1259255
1259256
895
918
943
944
1332
2667
2668
488773
488953
488981
488983
493107
496819
540237
588214
588215
588216
588217
588218
588219
588349
588378
624146
624504
678712
678713
678714
678715
678716
678717
678721
720572
1117301
1117303
1117308
1117313
1117318
1201
1811
377
444
915
331292
331293
342476
342484
342485
1209457
1210069
376
410
883
891
899
255211
32248
32280
51
111
117
127
504833
623908
1117322
1117323
1117330
1117332
1117334
1117338
1117352
1815
1816
1828
1876
1877
1882
1883
1886
435006
449748
463074
463097
463189
463213
488745
488752
521220
524790
524791
524792
524793
524794
524795
524796
588792
588794
588820
588824
624378
624379
651611
651613
651614
651615
652245
720524
1053195
1159510
1159511
1159512
1159530
977611
1117337
420670
420671
2572
493152
274
75268
658931
6648
161281
240820
243188
397743
408340
420668
438555
493017
576612
624192
624222
721754
742882
1215120
1215123
214
220
1103916
1103917
360149
1128913
190
496921
496924
258
1224923
651983
194
292
1101112
1101113
1101114
1101115
504600
588506
1224853
1224855
1224858
2064
623858
2166
2168
651616
652141
575
637
371
2059
2063
255079
604020
547621
547622
210
222
272
54410
537733
537735
1117339
147
151
159
171
173
177
624351
639952
439744
226
631927
1109836
2061
250
1985
2252
2384
205267
184
204
216
232
236
246
252
260
282
288
306
308
334
338
344
238
340
742660
624181
624190
651674
1117325
1117327
1117347
196
286
742711
243151
2306
4411
40537
624215
624223
504437
423
700
1015
302758
1239060
1907
624180
1189129
1189130
1189131
1189133
1189134
1189136
428564
651580
651589
687008
581672
581808
230
304
312
320
336
407366
1054848
1209250
1209251
63020
65133
522805
522806
522807
522808
522809
522810
522811
522812
522813
522814
522815
522816
522819
64836
64840
65034
39064
40694
1215086
1215087
1215090
449703
449704
449705
1900
1902
1915
1045
1047
54923
82355
150752
150753
150754
150755
161283
504592
1136418
504539
624132
624133
652007
652008
743417
1070215
1210070
1210071
1210072
1210073
1210074
743200
284279
1117728
1117729
75265
2467
540271
34292
34293
36031
87513
87880
88009
624183
386625
488956
1417
147591
1988
239296
239347
239597
692185
692192
692193
652068
2176
849
850
463230
513626
513627
513628
686949
686952
33176
1215094
243189
57779
